2,8000,9.9999999999999995e-07,0,0,0,0
2,8000,9.9999999999999995e-07,1,0,0,0
2,8000,0.10000000000000001,0,3.7252902984619141e-09,1.0292884728367004e-09,2.4037105030485765e-12
2,8000,0.10000000000000001,1,7.4505805969238281e-09,2.3055146662810193e-09,3.0948117956233006e-12
2,8000,0.75,0,7.4505805969238281e-09,6.1883836564562725e-10,1.8189894035458565e-12
2,8000,0.75,1,1.4901161193847656e-08,6.9606942861260997e-10,3.6380835953588247e-12
2,44100,9.9999999999999995e-07,0,0,0,0
2,44100,9.9999999999999995e-07,1,0,0,0
2,44100,0.10000000000000001,0,3.7252902984619141e-09,1.0292884728367004e-09,2.4037105030485765e-12
2,44100,0.10000000000000001,1,7.4505805969238281e-09,1.7330485653342462e-09,4.3952075245649321e-12
2,44100,0.75,0,7.4505805969238281e-09,6.1883836564562725e-10,1.8189894035458565e-12
2,44100,0.75,1,7.4505805969238281e-09,4.414509834662397e-10,1.8189894035458565e-12
2,48000,9.9999999999999995e-07,0,0,0,0
2,48000,9.9999999999999995e-07,1,0,0,0
2,48000,0.10000000000000001,0,3.7252902984619141e-09,1.0292884728367004e-09,2.4037105030485765e-12
2,48000,0.10000000000000001,1,7.4505805969238281e-09,1.8061887078779064e-09,3.4120018177124393e-12
2,48000,0.75,0,7.4505805969238281e-09,6.1883836564562725e-10,1.8189894035458565e-12
2,48000,0.75,1,3.7252902984619141e-09,2.2161424201015592e-10,7.1054226551689619e-15
2,96000,9.9999999999999995e-07,0,0,0,0
2,96000,9.9999999999999995e-07,1,0,0,0
2,96000,0.10000000000000001,0,3.7252902984619141e-09,1.0292884728367004e-09,2.4037105030485765e-12
2,96000,0.10000000000000001,1,3.7252902984619141e-09,1.343359681011536e-09,2.0996397944429861e-12
2,96000,0.75,0,7.4505805969238281e-09,6.1883836564562725e-10,1.8189894035458565e-12
2,96000,0.75,1,0,0,0
2,192000,9.9999999999999995e-07,0,0,0,0
2,192000,9.9999999999999995e-07,1,0,0,0
2,192000,0.10000000000000001,0,3.7252902984619141e-09,1.0292884728367004e-09,2.4037105030485765e-12
2,192000,0.10000000000000001,1,7.4505805969238281e-09,1.1741952405326562e-09,2.8688827341571638e-12
2,192000,0.75,0,7.4505805969238281e-09,6.1883836564562725e-10,1.8189894035458565e-12
2,192000,0.75,1,3.7252902984619141e-09,2.3709079083662894e-10,9.0949470177292824e-13
2,384000,9.9999999999999995e-07,0,0,0,0
2,384000,9.9999999999999995e-07,1,0,0,0
2,384000,0.10000000000000001,0,3.7252902984619141e-09,1.0292884728367004e-09,2.4037105030485765e-12
2,384000,0.10000000000000001,1,7.4505805969238281e-09,2.2546504384156011e-09,3.7696386395355983e-12
2,384000,0.75,0,7.4505805969238281e-09,6.1883836564562725e-10,1.8189894035458565e-12
2,384000,0.75,1,3.7252902984619141e-09,3.7994393494646155e-10,4.5558819138254269e-13
4,8000,9.9999999999999995e-07,0,0,0,0
4,8000,9.9999999999999995e-07,1,0,0,0
4,8000,0.10000000000000001,0,3.7252902984619141e-09,8.8725359798512516e-10,1.3557390024677914e-12
4,8000,0.10000000000000001,1,7.4505805969238281e-09,1.7330388771478482e-09,3.1514890566937028e-12
4,8000,0.75,0,8.8817841970012523e-16,7.377108923047589e-17,0
4,8000,0.75,1,1.4901161193847656e-08,1.0008524909883187e-09,3.0411005188530802e-13
4,44100,9.9999999999999995e-07,0,0,0,0
4,44100,9.9999999999999995e-07,1,0,0,0
4,44100,0.10000000000000001,0,3.7252902984619141e-09,8.8725359798512516e-10,1.3557390024677914e-12
4,44100,0.10000000000000001,1,7.4505805969238281e-09,2.0461306943673418e-09,3.6518608791202034e-12
4,44100,0.75,0,8.8817841970012523e-16,7.377108923047589e-17,0
4,44100,0.75,1,1.862645149230957e-09,1.5608662941487413e-10,4.6128654249791974e-13
4,48000,9.9999999999999995e-07,0,0,0,0
4,48000,9.9999999999999995e-07,1,0,0,0
4,48000,0.10000000000000001,0,3.7252902984619141e-09,8.8725359798512516e-10,1.3557390024677914e-12
4,48000,0.10000000000000001,1,7.4505805969238281e-09,1.9473552337932367e-09,2.0274448519353042e-12
4,48000,0.75,0,8.8817841970012523e-16,7.377108923047589e-17,0
4,48000,0.75,1,7.4505805969238281e-09,4.5999972904667569e-10,2.4311732652525892e-12
4,96000,9.9999999999999995e-07,0,0,0,0
4,96000,9.9999999999999995e-07,1,0,0,0
4,96000,0.10000000000000001,0,3.7252902984619141e-09,8.8725359798512516e-10,1.3557390024677914e-12
4,96000,0.10000000000000001,1,7.4505805969238281e-09,2.4690565902807133e-09,4.2790854489360905e-12
4,96000,0.75,0,8.8817841970012523e-16,7.377108923047589e-17,0
4,96000,0.75,1,7.4505805969238281e-09,4.5521464174879456e-10,0
4,192000,9.9999999999999995e-07,0,0,0,0
4,192000,9.9999999999999995e-07,1,0,0,0
4,192000,0.10000000000000001,0,3.7252902984619141e-09,8.8725359798512516e-10,1.3557390024677914e-12
4,192000,0.10000000000000001,1,7.4505805969238281e-09,1.8357767825762608e-09,2.3618577657800806e-12
4,192000,0.75,0,8.8817841970012523e-16,7.377108923047589e-17,0
4,192000,0.75,1,1.4901161193847656e-08,9.7755321555503132e-10,3.637978807091713e-12
4,384000,9.9999999999999995e-07,0,0,0,0
4,384000,9.9999999999999995e-07,1,0,0,0
4,384000,0.10000000000000001,0,3.7252902984619141e-09,8.8725359798512516e-10,1.3557390024677914e-12
4,384000,0.10000000000000001,1,7.4505805969238281e-09,1.8075287198542873e-09,2.1039786671323986e-12
4,384000,0.75,0,8.8817841970012523e-16,7.377108923047589e-17,0
4,384000,0.75,1,0,0,0
stress,2,8000,1e-08,0,0,4.9800473402240387e-25,1.0589249308487802e-18,5.6758542130651871e-28
stress,2,8000,1e-08,0,1,6.3613743397022392e-25,1.752923664044538e-18,1.1292543858238798e-27
stress,2,8000,1e-08,1,0,0,0,0
stress,2,8000,1e-08,1,1,0,0,0
stress,2,8000,1e-08,2,0,0,0,0
stress,2,8000,1e-08,2,1,0,0,0
stress,2,8000,1e-08,3,0,0,0,0
stress,2,8000,1e-08,3,1,0,0,0
stress,2,8000,0.25,0,0,9.0949470177292824e-13,2.0991511162173562e-13,8.8817841970012523e-16
stress,2,8000,0.25,0,1,3.7252902984619141e-09,4.8107925467671016e-10,3.6379788070917323e-12
stress,2,8000,0.25,1,0,1.862645149230957e-09,4.3483709893497562e-10,1.8189894035458585e-12
stress,2,8000,0.25,1,1,1.862645149230957e-09,2.7267607794132338e-10,2.0465841074019961e-12
stress,2,8000,0.25,2,0,9.3132257461547852e-10,2.1214065039528522e-10,9.1021634334540391e-13
stress,2,8000,0.25,2,1,1.862645149230957e-09,3.3271606884987534e-10,1.8225421172246747e-12
stress,2,8000,0.25,3,0,4.6566128730773926e-10,1.586805548076306e-10,5.6843418860808116e-14
stress,2,8000,0.25,3,1,7.4505805969238281e-09,1.8146578888476203e-09,2.7284812518137926e-12
stress,2,8000,4,0,0,0,0,0
stress,2,8000,4,0,1,1.4551915228366852e-11,9.3071131741554738e-13,0
stress,2,8000,4,1,0,0,0,0
stress,2,8000,4,1,1,0,0,0
stress,2,8000,4,2,0,3.637978807091713e-12,7.1030160735558771e-13,0
stress,2,8000,4,2,1,1.4901161193847656e-08,8.9153521054310132e-10,5.68434188608091e-14
stress,2,8000,4,3,0,0,0,0
stress,2,8000,4,3,1,7.2759576141834259e-12,5.7025841272184831e-13,7.1054273576011123e-15
stress,2,44100,1e-08,0,0,4.9800473402240387e-25,1.0589249308487802e-18,5.6758542130651871e-28
stress,2,44100,1e-08,0,1,3.1988625251074117e-25,8.2640751273364856e-19,5.3681984600289925e-28
stress,2,44100,1e-08,1,0,0,0,0
stress,2,44100,1e-08,1,1,0,0,0
stress,2,44100,1e-08,2,0,0,0,0
stress,2,44100,1e-08,2,1,0,0,0
stress,2,44100,1e-08,3,0,0,0,0
stress,2,44100,1e-08,3,1,0,0,0
stress,2,44100,0.25,0,0,9.0949470177292824e-13,2.0991511162173562e-13,8.8817841970012523e-16
stress,2,44100,0.25,0,1,1.4901161193847656e-08,2.541911159944931e-09,1.5461405901663875e-11
stress,2,44100,0.25,1,0,1.862645149230957e-09,4.3483709893497562e-10,1.8189894035458585e-12
stress,2,44100,0.25,1,1,1.862645149230957e-09,1.8337198678898485e-10,1.8189894035458868e-12
stress,2,44100,0.25,2,0,9.3132257461547852e-10,2.1214065039528522e-10,9.1021634334540391e-13
stress,2,44100,0.25,2,1,1.4901161193847656e-08,2.0207778145492052e-09,1.0377902780036193e-12
stress,2,44100,0.25,3,0,4.6566128730773926e-10,1.586805548076306e-10,5.6843418860808116e-14
stress,2,44100,0.25,3,1,3.7252902984619141e-09,1.0464637317401341e-09,3.6681735232548324e-12
stress,2,44100,4,0,0,0,0,0
stress,2,44100,4,0,1,0,0,0
stress,2,44100,4,1,0,0,0,0
stress,2,44100,4,1,1,0,0,0
stress,2,44100,4,2,0,3.637978807091713e-12,7.1030160735558771e-13,0
stress,2,44100,4,2,1,1.862645149230957e-09,8.4498241381164236e-11,0
stress,2,44100,4,3,0,0,0,0
stress,2,44100,4,3,1,7.4505805969238281e-09,4.4489253327877443e-10,0
stress,2,48000,1e-08,0,0,4.9800473402240387e-25,1.0589249308487802e-18,5.6758542130651871e-28
stress,2,48000,1e-08,0,1,6.0342179450889812e-25,1.4557501462928872e-18,9.2691156363469013e-28
stress,2,48000,1e-08,1,0,0,0,0
stress,2,48000,1e-08,1,1,0,0,0
stress,2,48000,1e-08,2,0,0,0,0
stress,2,48000,1e-08,2,1,0,0,0
stress,2,48000,1e-08,3,0,0,0,0
stress,2,48000,1e-08,3,1,0,0,0
stress,2,48000,0.25,0,0,9.0949470177292824e-13,2.0991511162173562e-13,8.8817841970012523e-16
stress,2,48000,0.25,0,1,1.862645149230957e-09,2.0932446193246754e-10,2.2915003228263231e-13
stress,2,48000,0.25,1,0,1.862645149230957e-09,4.3483709893497562e-10,1.8189894035458585e-12
stress,2,48000,0.25,1,1,7.4505805969238281e-09,8.1834996449816143e-10,7.3328010330442339e-12
stress,2,48000,0.25,2,0,9.3132257461547852e-10,2.1214065039528522e-10,9.1021634334540391e-13
stress,2,48000,0.25,2,1,1.4901161193847656e-08,2.2296281268644222e-09,2.5280304715431785e-11
stress,2,48000,0.25,3,0,4.6566128730773926e-10,1.586805548076306e-10,5.6843418860808116e-14
stress,2,48000,0.25,3,1,7.4505805969238281e-09,2.2555370517104409e-09,1.7920006161925479e-11
stress,2,48000,4,0,0,0,0,0
stress,2,48000,4,0,1,0,0,0
stress,2,48000,4,1,0,0,0,0
stress,2,48000,4,1,1,2.2737367544323206e-13,9.7175821488908884e-15,0
stress,2,48000,4,2,0,3.637978807091713e-12,7.1030160735558771e-13,0
stress,2,48000,4,2,1,7.4505805969238281e-09,3.3270378336894811e-10,1.4210854715202171e-14
stress,2,48000,4,3,0,0,0,0
stress,2,48000,4,3,1,1.4901161193847656e-08,8.746930440775951e-10,1.4551915228367198e-11
stress,2,96000,1e-08,0,0,4.9800473402240387e-25,1.0589249308487802e-18,5.6758542130651871e-28
stress,2,96000,1e-08,0,1,5.1254501822743756e-25,1.3015975756191817e-18,8.3737585089210511e-28
stress,2,96000,1e-08,1,0,0,0,0
stress,2,96000,1e-08,1,1,0,0,0
stress,2,96000,1e-08,2,0,0,0,0
stress,2,96000,1e-08,2,1,0,0,0
stress,2,96000,1e-08,3,0,0,0,0
stress,2,96000,1e-08,3,1,0,0,0
stress,2,96000,0.25,0,0,9.0949470177292824e-13,2.0991511162173562e-13,8.8817841970012523e-16
stress,2,96000,0.25,0,1,7.4505805969238281e-09,1.2672760330499143e-09,7.6170181273483273e-12
stress,2,96000,0.25,1,0,1.862645149230957e-09,4.3483709893497562e-10,1.8189894035458585e-12
stress,2,96000,0.25,1,1,1.4901161193847656e-08,2.2862184729989148e-09,1.5461708957932443e-11
stress,2,96000,0.25,2,0,9.3132257461547852e-10,2.1214065039528522e-10,9.1021634334540391e-13
stress,2,96000,0.25,2,1,7.4505805969238281e-09,9.3617948844780982e-10,2.8559922586168001e-12
stress,2,96000,0.25,3,0,4.6566128730773926e-10,1.586805548076306e-10,5.6843418860808116e-14
stress,2,96000,0.25,3,1,7.4505805969238281e-09,3.5503709279474851e-09,2.3513869075146375e-11
stress,2,96000,4,0,0,0,0,0
stress,2,96000,4,0,1,0,0,0
stress,2,96000,4,1,0,0,0,0
stress,2,96000,4,1,1,9.0949470177292824e-13,3.3724992212483507e-14,0
stress,2,96000,4,2,0,3.637978807091713e-12,7.1030160735558771e-13,0
stress,2,96000,4,2,1,5.9604644775390625e-08,2.3242709740673044e-09,5.8207660913467407e-11
stress,2,96000,4,3,0,0,0,0
stress,2,96000,4,3,1,4.6566128730773926e-10,2.4048015912333407e-11,0
stress,2,192000,1e-08,0,0,4.9800473402240387e-25,1.0589249308487802e-18,5.6758542130651871e-28
stress,2,192000,1e-08,0,1,2.9565244550235169e-25,6.4398206623565206e-19,3.3053271928760435e-28
stress,2,192000,1e-08,1,0,0,0,0
stress,2,192000,1e-08,1,1,0,0,0
stress,2,192000,1e-08,2,0,0,0,0
stress,2,192000,1e-08,2,1,0,0,0
stress,2,192000,1e-08,3,0,0,0,0
stress,2,192000,1e-08,3,1,0,0,0
stress,2,192000,0.25,0,0,9.0949470177292824e-13,2.0991511162173562e-13,8.8817841970012523e-16
stress,2,192000,0.25,0,1,1.4901161193847656e-08,1.8846571518885641e-09,7.9176374720926758e-12
stress,2,192000,0.25,1,0,1.862645149230957e-09,4.3483709893497562e-10,1.8189894035458585e-12
stress,2,192000,0.25,1,1,9.3132257461547852e-10,8.9672726029103919e-11,4.4408920985006429e-16
stress,2,192000,0.25,2,0,9.3132257461547852e-10,2.1214065039528522e-10,9.1021634334540391e-13
stress,2,192000,0.25,2,1,1.4901161193847656e-08,2.1322395453220558e-09,2.5790047141129753e-11
stress,2,192000,0.25,3,0,4.6566128730773926e-10,1.586805548076306e-10,5.6843418860808116e-14
stress,2,192000,0.25,3,1,5.8207660913467407e-11,1.8853605654953274e-11,5.684341886080857e-14
stress,2,192000,4,0,0,0,0,0
stress,2,192000,4,0,1,1.862645149230957e-09,6.8257961632274343e-11,1.8189894035458957e-12
stress,2,192000,4,1,0,0,0,0
stress,2,192000,4,1,1,1.862645149230957e-09,6.1770649613040448e-11,1.4210837995445004e-14
stress,2,192000,4,2,0,3.637978807091713e-12,7.1030160735558771e-13,0
stress,2,192000,4,2,1,2.9802322387695312e-08,1.0440031761664145e-09,7.1054273576011091e-15
stress,2,192000,4,3,0,0,0,0
stress,2,192000,4,3,1,3.7252902984619141e-09,1.754206610697089e-10,2.2737367544323206e-13
stress,2,384000,1e-08,0,0,4.9800473402240387e-25,1.0589249308487802e-18,5.6758542130651871e-28
stress,2,384000,1e-08,0,1,2.7868878059647905e-25,6.2161069216294633e-19,3.4828208965507716e-28
stress,2,384000,1e-08,1,0,0,0,0
stress,2,384000,1e-08,1,1,0,0,0
stress,2,384000,1e-08,2,0,0,0,0
stress,2,384000,1e-08,2,1,0,0,0
stress,2,384000,1e-08,3,0,0,0,0
stress,2,384000,1e-08,3,1,0,0,0
stress,2,384000,0.25,0,0,9.0949470177292824e-13,2.0991511162173562e-13,8.8817841970012523e-16
stress,2,384000,0.25,0,1,7.4505805969238281e-09,1.4696792981619774e-09,1.0970063054202423e-11
stress,2,384000,0.25,1,0,1.862645149230957e-09,4.3483709893497562e-10,1.8189894035458585e-12
stress,2,384000,0.25,1,1,1.4901161193847656e-08,1.4409436479561138e-09,1.6370897022568306e-11
stress,2,384000,0.25,2,0,9.3132257461547852e-10,2.1214065039528522e-10,9.1021634334540391e-13
stress,2,384000,0.25,2,1,7.4505805969238281e-09,1.2542737167813315e-09,1.4555399694150534e-11
stress,2,384000,0.25,3,0,4.6566128730773926e-10,1.586805548076306e-10,5.6843418860808116e-14
stress,2,384000,0.25,3,1,7.4505805969238281e-09,1.9114560492706069e-09,4.6895809948771496e-13
stress,2,384000,4,0,0,0,0,0
stress,2,384000,4,0,1,7.2759576141834259e-12,2.4733084610096241e-13,7.1054273576010034e-15
stress,2,384000,4,1,0,0,0,0
stress,2,384000,4,1,1,9.3132257461547852e-10,2.8642287538296488e-11,9.1304741545173762e-13
stress,2,384000,4,2,0,3.637978807091713e-12,7.1030160735558771e-13,0
stress,2,384000,4,2,1,1.862645149230957e-09,6.0842348408436459e-11,1.8332002582610613e-12
stress,2,384000,4,3,0,0,0,0
stress,2,384000,4,3,1,3.7252902984619141e-09,2.3234358125700723e-10,1.4210854715202004e-14
stress,4,8000,1e-08,0,0,3.5744865337374487e-25,8.707579604074736e-19,2.9385068719482726e-28
stress,4,8000,1e-08,0,1,4.5276829427341017e-25,1.3143619351428103e-18,4.7449983449043923e-28
stress,4,8000,1e-08,1,0,0,0,0
stress,4,8000,1e-08,1,1,0,0,0
stress,4,8000,1e-08,2,0,0,0,0
stress,4,8000,1e-08,2,1,0,0,0
stress,4,8000,1e-08,3,0,0,0,0
stress,4,8000,1e-08,3,1,0,0,0
stress,4,8000,0.25,0,0,5.8207660913467407e-11,1.5085851642918227e-11,2.8421709430404582e-14
stress,4,8000,0.25,0,1,1.4901161193847656e-08,1.9252334653504934e-09,1.4566126083082383e-11
stress,4,8000,0.25,1,0,2.9103830456733704e-11,8.5886329025683283e-12,5.6843418860809138e-14
stress,4,8000,0.25,1,1,3.7252902984619141e-09,6.8918498528909535e-10,7.2759490536679157e-12
stress,4,8000,0.25,2,0,1.1641532182693481e-10,3.7667234895611103e-11,1.1407541395774009e-13
stress,4,8000,0.25,2,1,7.4505805969238281e-09,1.0680733642126149e-09,9.1082696314174567e-13
stress,4,8000,0.25,3,0,7.2759576141834259e-12,2.3849402667156782e-12,0
stress,4,8000,0.25,3,1,3.7252902984619141e-09,1.3428249312555309e-09,7.2717467672875285e-12
stress,4,8000,4,0,0,3.2526065174565133e-19,7.0138101055027788e-20,3.1763735522036305e-22
stress,4,8000,4,0,1,1.862645149230957e-09,1.2137180322454423e-10,0
stress,4,8000,4,1,0,0,0,0
stress,4,8000,4,1,1,5.6843418860808015e-14,3.3168124368631284e-15,0
stress,4,8000,4,2,0,0,0,0
stress,4,8000,4,2,1,1.1102230246251565e-16,6.6821506712226802e-18,0
stress,4,8000,4,3,0,0,0,0
stress,4,8000,4,3,1,5.8207660913467407e-11,4.5934209098422806e-12,6.3948846218409925e-14
stress,4,44100,1e-08,0,0,3.5744865337374487e-25,8.707579604074736e-19,2.9385068719482726e-28
stress,4,44100,1e-08,0,1,2.5970563177324062e-25,7.5556760202969775e-19,2.5914080736510269e-28
stress,4,44100,1e-08,1,0,0,0,0
stress,4,44100,1e-08,1,1,0,0,0
stress,4,44100,1e-08,2,0,0,0,0
stress,4,44100,1e-08,2,1,0,0,0
stress,4,44100,1e-08,3,0,0,0,0
stress,4,44100,1e-08,3,1,0,0,0
stress,4,44100,0.25,0,0,5.8207660913467407e-11,1.5085851642918227e-11,2.8421709430404582e-14
stress,4,44100,0.25,0,1,5.8207660913467407e-11,6.7524695921704649e-12,0
stress,4,44100,0.25,1,0,2.9103830456733704e-11,8.5886329025683283e-12,5.6843418860809138e-14
stress,4,44100,0.25,1,1,1.4901161193847656e-08,1.4707876186238103e-09,1.4609578621506277e-11
stress,4,44100,0.25,2,0,1.1641532182693481e-10,3.7667234895611103e-11,1.1407541395774009e-13
stress,4,44100,0.25,2,1,7.4505805969238281e-09,1.1107701409361344e-09,4.5474700846592003e-12
stress,4,44100,0.25,3,0,7.2759576141834259e-12,2.3849402667156782e-12,0
stress,4,44100,0.25,3,1,7.4505805969238281e-09,3.5380948542677784e-09,1.6368025407300626e-11
stress,4,44100,4,0,0,3.2526065174565133e-19,7.0138101055027788e-20,3.1763735522036305e-22
stress,4,44100,4,0,1,1.1641532182693481e-10,5.6790447651133002e-12,0
stress,4,44100,4,1,0,0,0,0
stress,4,44100,4,1,1,1.862645149230957e-09,8.1486408444090926e-11,0
stress,4,44100,4,2,0,0,0,0
stress,4,44100,4,2,1,1.4551915228366852e-11,6.6828354423739011e-13,1.421085471520201e-14
stress,4,44100,4,3,0,0,0,0
stress,4,44100,4,3,1,1.862645149230957e-09,1.1131968679172508e-10,1.1369377661552155e-13
stress,4,48000,1e-08,0,0,3.5744865337374487e-25,8.707579604074736e-19,2.9385068719482726e-28
stress,4,48000,1e-08,0,1,1.9952501103574007e-25,4.281399189993548e-19,2.1535902712533649e-28
stress,4,48000,1e-08,1,0,0,0,0
stress,4,48000,1e-08,1,1,0,0,0
stress,4,48000,1e-08,2,0,0,0,0
stress,4,48000,1e-08,2,1,0,0,0
stress,4,48000,1e-08,3,0,0,0,0
stress,4,48000,1e-08,3,1,0,0,0
stress,4,48000,0.25,0,0,5.8207660913467407e-11,1.5085851642918227e-11,2.8421709430404582e-14
stress,4,48000,0.25,0,1,3.7252902984619141e-09,5.8777502568431874e-10,0
stress,4,48000,0.25,1,0,2.9103830456733704e-11,8.5886329025683283e-12,5.6843418860809138e-14
stress,4,48000,0.25,1,1,1.4901161193847656e-08,1.4640737276322275e-09,1.4609179152272657e-11
stress,4,48000,0.25,2,0,1.1641532182693481e-10,3.7667234895611103e-11,1.1407541395774009e-13
stress,4,48000,0.25,2,1,7.4505805969238281e-09,9.5566580133750863e-10,9.1091296134421225e-12
stress,4,48000,0.25,3,0,7.2759576141834259e-12,2.3849402667156782e-12,0
stress,4,48000,0.25,3,1,7.4505805969238281e-09,2.4093428309816126e-09,1.4210854715202004e-14
stress,4,48000,4,0,0,3.2526065174565133e-19,7.0138101055027788e-20,3.1763735522036305e-22
stress,4,48000,4,0,1,0,0,0
stress,4,48000,4,1,0,0,0,0
stress,4,48000,4,1,1,7.4505805969238281e-09,3.1998656751913037e-10,7.2759576141835035e-12
stress,4,48000,4,2,0,0,0,0
stress,4,48000,4,2,1,7.4505805969238281e-09,3.335231320495224e-10,0
stress,4,48000,4,3,0,0,0,0
stress,4,48000,4,3,1,1.4551915228366852e-11,9.5400154767492804e-13,1.4210854715202177e-14
stress,4,96000,1e-08,0,0,3.5744865337374487e-25,8.707579604074736e-19,2.9385068719482726e-28
stress,4,96000,1e-08,0,1,8.7645602013675296e-26,2.1134705256164735e-19,5.0881528386755329e-29
stress,4,96000,1e-08,1,0,0,0,0
stress,4,96000,1e-08,1,1,0,0,0
stress,4,96000,1e-08,2,0,0,0,0
stress,4,96000,1e-08,2,1,0,0,0
stress,4,96000,1e-08,3,0,0,0,0
stress,4,96000,1e-08,3,1,0,0,0
stress,4,96000,0.25,0,0,5.8207660913467407e-11,1.5085851642918227e-11,2.8421709430404582e-14
stress,4,96000,0.25,0,1,1.4901161193847656e-08,2.3279172002474985e-09,1.4553691576847408e-11
stress,4,96000,0.25,1,0,2.9103830456733704e-11,8.5886329025683283e-12,5.6843418860809138e-14
stress,4,96000,0.25,1,1,7.4505805969238281e-09,8.0766637983271995e-10,3.637978807091713e-12
stress,4,96000,0.25,2,0,1.1641532182693481e-10,3.7667234895611103e-11,1.1407541395774009e-13
stress,4,96000,0.25,2,1,7.4505805969238281e-09,1.2832859465452224e-09,1.4551898107335718e-11
stress,4,96000,0.25,3,0,7.2759576141834259e-12,2.3849402667156782e-12,0
stress,4,96000,0.25,3,1,7.4505805969238281e-09,1.7058491301801716e-09,3.4106051316484632e-13
stress,4,96000,4,0,0,3.2526065174565133e-19,7.0138101055027788e-20,3.1763735522036305e-22
stress,4,96000,4,0,1,1.8189894035458565e-12,7.5493396538789395e-14,1.7763568394002871e-15
stress,4,96000,4,1,0,0,0,0
stress,4,96000,4,1,1,0,0,0
stress,4,96000,4,2,0,0,0,0
stress,4,96000,4,2,1,1.8189894035458565e-12,7.1054563612162767e-14,0
stress,4,96000,4,3,0,0,0,0
stress,4,96000,4,3,1,0,0,0
stress,4,192000,1e-08,0,0,3.5744865337374487e-25,8.707579604074736e-19,2.9385068719482726e-28
stress,4,192000,1e-08,0,1,1.4701842918422953e-25,3.2965000100102892e-19,1.5540559832853953e-28
stress,4,192000,1e-08,1,0,0,0,0
stress,4,192000,1e-08,1,1,0,0,0
stress,4,192000,1e-08,2,0,0,0,0
stress,4,192000,1e-08,2,1,0,0,0
stress,4,192000,1e-08,3,0,0,0,0
stress,4,192000,1e-08,3,1,0,0,0
stress,4,192000,0.25,0,0,5.8207660913467407e-11,1.5085851642918227e-11,2.8421709430404582e-14
stress,4,192000,0.25,0,1,3.7252902984619141e-09,4.2756449785487749e-10,9.0960572355296581e-13
stress,4,192000,0.25,1,0,2.9103830456733704e-11,8.5886329025683283e-12,5.6843418860809138e-14
stress,4,192000,0.25,1,1,1.4901161193847656e-08,2.1521371839532804e-09,1.4552803406786552e-11
stress,4,192000,0.25,2,0,1.1641532182693481e-10,3.7667234895611103e-11,1.1407541395774009e-13
stress,4,192000,0.25,2,1,7.4505805969238281e-09,8.8898053987768697e-10,1.4210854715202029e-14
stress,4,192000,0.25,3,0,7.2759576141834259e-12,2.3849402667156782e-12,0
stress,4,192000,0.25,3,1,7.2759576141834259e-12,1.8623627164818537e-12,1.0658141036401607e-14
stress,4,192000,4,0,0,3.2526065174565133e-19,7.0138101055027788e-20,3.1763735522036305e-22
stress,4,192000,4,0,1,7.4505805969238281e-09,2.7836243289548331e-10,7.2759576141834324e-12
stress,4,192000,4,1,0,0,0,0
stress,4,192000,4,1,1,3.7252902984619141e-09,1.2395115425752291e-10,0
stress,4,192000,4,2,0,0,0,0
stress,4,192000,4,2,1,4.6566128730773926e-10,1.6363815571495008e-11,0
stress,4,192000,4,3,0,0,0,0
stress,4,192000,4,3,1,9.3132257461547852e-10,4.3967785542755398e-11,9.0949470177294116e-13
stress,4,384000,1e-08,0,0,3.5744865337374487e-25,8.707579604074736e-19,2.9385068719482726e-28
stress,4,384000,1e-08,0,1,4.2772669369807437e-25,8.9762460027174328e-19,4.4215653737637766e-28
stress,4,384000,1e-08,1,0,0,0,0
stress,4,384000,1e-08,1,1,0,0,0
stress,4,384000,1e-08,2,0,0,0,0
stress,4,384000,1e-08,2,1,0,0,0
stress,4,384000,1e-08,3,0,0,0,0
stress,4,384000,1e-08,3,1,0,0,0
stress,4,384000,0.25,0,0,5.8207660913467407e-11,1.5085851642918227e-11,2.8421709430404582e-14
stress,4,384000,0.25,0,1,1.4901161193847656e-08,2.8558757039274144e-09,2.9103842791886861e-11
stress,4,384000,0.25,1,0,2.9103830456733704e-11,8.5886329025683283e-12,5.6843418860809138e-14
stress,4,384000,0.25,1,1,1.4901161193847656e-08,2.1761510306808929e-09,1.9085829654283865e-11
stress,4,384000,0.25,2,0,1.1641532182693481e-10,3.7667234895611103e-11,1.1407541395774009e-13
stress,4,384000,0.25,2,1,1.4901161193847656e-08,2.2203468037699889e-09,1.091697702801992e-11
stress,4,384000,0.25,3,0,7.2759576141834259e-12,2.3849402667156782e-12,0
stress,4,384000,0.25,3,1,7.4505805969238281e-09,3.5180518017610477e-09,7.2795103278622264e-12
stress,4,384000,4,0,0,3.2526065174565133e-19,7.0138101055027788e-20,3.1763735522036305e-22
stress,4,384000,4,0,1,1.1641532182693481e-10,3.9984084784557195e-12,0
stress,4,384000,4,1,0,0,0,0
stress,4,384000,4,1,1,0,0,0
stress,4,384000,4,2,0,0,0,0
stress,4,384000,4,2,1,1.1641532182693481e-10,4.2632110402242888e-12,5.6843418860808823e-14
stress,4,384000,4,3,0,0,0,0
stress,4,384000,4,3,1,1.862645149230957e-09,8.2207544766690003e-11,1.9326757377079484e-12
